
******ResultforImage/Page1******
Bas=0.32542131701589147114677469648853	
Pes	=0.28476660138527908888182420573687	
Bgg	=0.97837801675979152435868397271099•10-2	
Вэо	=0.60842071062622057051094145205182•10-1	
ВуБ	=-0.21184565744037007526325275251206•10-1	
=0.19596557266170831957464490662983	
Bgr	=-0.42742640364817603675144835342899•10-2	
Bee=0.17434365736814911955323452558189•10-1	
Bras	=0.54059783295931917355785724111182•10-1	
Bros=0.11029325597828926539283127648228	
Bior	=-0.12565008520072556414147763782250•10-2	
B1o3=0.36790043477581460136384043566339•10-2	
Blos=-0.57780542770372073940840628571866•10-1	
B41o=0.12732477068657114546645181799160	
3417=0.11418303006395103323658875721817	
Bye=0.28773020703697992776202201849198	
8119=0.50945379459611363153735885079465	
B11o=-0.14799682244372575900242144449610	
812o=-0.36326793876616740535848544394333•10-2	
Bias=0.81629896012318919777819421247030.10-1	
B1a=-0.38607735635693506490517694313215	
B127=0.30862242924605106450474166025206•10-1	
Bia=-0.58077254528320602815829374733518•10-1	
B42=0.33598659328884971493143451362322	
B121=0.41066880401949958613549622786417	
31511=-0.11840245972355985520633156154536•10-1	
B120=-0.12375357921245143254979096135669•10*1	
9135=-0.24430768551354785358734661366763•102	
Bias=0.54779568932778656050436528991173	
B13=-0.44413863533413246374959896569346•1071	
B12=0.10013104813713266094792617851022•10*?	
310=-0.14995773102051758117170985072142•1072	
Pino=0.58946948523217013620824539651427•10+1	
Bian=0.17380377503428984877616857440542•10+1	
B1312=0.27512330693166730263758622860276•1013	
B110=-0.35260859388334522700502958875588	
B145=-0.18396103144848270375044198988231	
