
******ResultforImage/Page1******
B10=0.44368940376198183109599404281370	
B2=0.16638352641186818666099776605514	
B2=0.49915057923560455998299329816541	
B3p=0.24957528961780227999149664908271	
B32=0.74872586885340683997448994724812	
Bio=0.20661891163400602426556710393185	
B42=0.17707880377986347040380997288319	
B4з=-0.68197715413869494669377076815048•10-1	
Bso=0.10927823152666408227903890926157	
B5з=0.40215962642367995421990563690087•10-2	
B4=0.39214118169078980444392330174325	
P6o=0.98899281409164665304844765434355•10-1	
B63=0.35138370227963966951204487356703•10-2	
BB4=0.12476099983160016621520625872489	
В6s=-0.55745546834989799643742901466348•10-1	
Bro=-0.36806865286242203724153101080691	
Bra=-0.22273897469476007645024020944166•1071	
B7s=0.13742908256702910729565691245744•10+1	
B7=0.20497390027111603002159354092206•1071	
B2=0.45467962641347150077351950603349•10-1	
