
******ResultforImage/Page1******
TABLEXII.RK8(9)(Continued)	
By46	=-0.65570189449741645138006879985251	
B147	=-0.39086144880439863435025520241310	
B14e	=0.26794616712850022936584423271209	
Pie	=-0.10383022991382490865769858507427•10+1	
B141o	=0.16672327324258671664727346168501-10+1	
Bili	=0.49551925855315977067732967071411	
Piala	=0.11394001132397063228586738141784•10+1	
B1413=0.51336696424658613688199097191534•10-1	
Biso	=0.10464847340614810391873002406755•10-2	
Bica	=-0.67163886844990282237778446178020.10-2	
Pie	=0.81828762189425021265330065248999•10-2	
Bisto	=-0.42640342864483347277142138087561•10-2	
Bigl	=0.28009029474168936545976331103703•10-3	
Bisla	=-0.87835333876238676639057813145633•10-2	
P1s3=0.10254505110825558084217769664009-10-1	
B1ко	=-0.13536550786174067080442168889966-10+1	
Bies	=-0.18396103144848270375044198988231	
Bres	=-0.65570189449741645138006879985251	
Brer	=-0.39086144880439863435025520241310	
Bren	=0.27466285581299925758962207732989	
Bres	=-0.10164851753571915887035188572676•10+1	
Biezo=0.16714967667123155012004488306588•10*1	
Ble11=0.49523916825841808131186990740287	
Bie1a=0.11481836466273301905225795954930•10+1	
Brera=0.41082191313833055603981327527525•10-1	
Bie1s	e1	
Co	=0.32256083500216249913612900960247-10-1	
=0.25983725283715403018887023171963	
Cg	=0.92847805996577027788063714302190•10-1	
Cio	=0.16452339514764342891647731842800	
=0.17665951637860074367084298397547	
Cia	=0.23920102320352759374108933320941	
=0.39484274604202853746752118829325•10-2	
C14	=0.30726495475860640406368305522124•10-1	
TE=91(fo+f4-f15-fs)h	(148)	
